1,1-B,1.574 ,3.28 ,5.57,1.18 ,0.7,脆性
2,2-6,1.226 ,3.28 ,5.57,1.18 ,0.21,脆性
3,3-4,0.932 ,3.28 ,5.57,1.18 ,0.21,脆性
4,3-6,1.268 ,3.28 ,5.57,1.18 ,0.21,脆性
5,3-B,1.041 ,3.28 ,5.57,1.18 ,0.21,脆性
6,5-8,1.474 ,3.28 ,5.57,1.18 ,0.21,脆性
7,5-9,1.474 ,3.28 ,5.57,1.18 ,0.21,脆性
8,5-6,1.419 ,3.28 ,5.57,1.18 ,0.21,脆性
9,6-10,2.094 ,3.28 ,5.57,1.18 ,0.21,脆性
10,6-11,2.256 ,3.28 ,5.57,1.18 ,0.21,脆性
11,7-8,0.785 ,3.28 ,5.57,1.18 ,0.21,脆性
12,7-12,1.280 ,3.28 ,5.57,1.18 ,0.21,脆性
13,8-9,0.696 ,3.28 ,5.57,1.18 ,0.21,脆性
14,8-13,1.434 ,3.28 ,5.57,1.18 ,0.21,脆性
15,9-10,0.803 ,3.28 ,5.57,1.18 ,0.21,脆性
16,9-14,1.427 ,3.28 ,5.57,1.18 ,0.21,脆性
17,10-11,0.858 ,3.28 ,5.57,1.18 ,0.21,脆性
18,10-15,1.978 ,3.28 ,5.57,1.18 ,0.21,脆性
19,11-16,2.331 ,3.28 ,5.57,1.18 ,0.21,脆性
20,12-13,1.259 ,3.28 ,5.57,1.18 ,0.21,脆性
21,12-17,0.815 ,3.28 ,5.57,1.18 ,0.21,脆性
22,13-14,0.853 ,3.28 ,5.57,1.18 ,0.21,脆性
23,13-18,0.877 ,3.28 ,5.57,1.18 ,0.21,脆性
24,14-15,1.144 ,3.28 ,5.57,1.18 ,0.21,脆性
25,14-19,1.145 ,3.28 ,5.57,1.18 ,0.21,脆性
26,14-20,1.173 ,3.28 ,5.57,1.18 ,0.21,延性
27,15-16,1.216 ,3.28 ,5.57,1.18 ,0.21,延性
28,15-21,0.722 ,3.28 ,5.57,1.18 ,0.21,延性
29,16-21,0.973 ,3.28 ,5.57,1.18 ,0.21,延性
30,17-A,1.880 ,3.28 ,5.57,1.18 ,0.8,延性
31,17-18,0.850 ,3.28 ,5.57,1.18 ,0.21,延性
32,17-22,0.721 ,3.28 ,5.57,1.18 ,0.21,延性
33,18-19,0.990 ,3.28 ,5.57,1.18 ,0.21,延性
34,18-22,0.682 ,3.28 ,5.57,1.18 ,0.21,延性
35,18-23,1.141 ,3.28 ,5.57,1.18 ,0.21,延性
36,19-20,0.727 ,3.28 ,5.57,1.18 ,0.21,延性
37,19-23,0.451 ,3.28 ,5.57,1.18 ,0.21,延性
38,20-21,0.941 ,3.28 ,5.57,1.18 ,0.21,延性
39,20-24,0.562 ,3.28 ,5.57,1.18 ,0.21,延性
40,21-25,2.391 ,3.28 ,5.57,1.18 ,0.21,延性
41,22-26,1.012 ,3.28 ,5.57,1.18 ,0.21,延性
42,22-27,1.462 ,3.28 ,5.57,1.18 ,0.21,延性
43,23-24,1.040 ,3.28 ,5.57,1.18 ,0.21,延性
44,23-27,1.121 ,3.28 ,5.57,1.18 ,0.21,延性
45,24-28,2.596 ,3.28 ,5.57,1.18 ,0.21,延性
46,26-A,0.632 ,3.28 ,5.57,1.18 ,0.8,延性
47,27-29,2.534 ,3.28 ,5.57,1.18 ,0.21,延性
48,27-30,1.794 ,3.28 ,5.57,1.18 ,0.21,延性
49,29-44,5.413 ,3.28 ,5.57,1.18 ,0.21,脆性
50,30-32,1.207 ,3.28 ,5.57,1.18 ,0.21,脆性
51,30-44,5.600 ,3.28 ,5.57,1.18 ,0.21,脆性
52,31-32,1.877 ,3.28 ,5.57,1.18 ,0.21,脆性
53,32-33,0.600 ,3.28 ,5.57,1.18 ,0.21,脆性
54,32-34,1.425 ,3.28 ,5.57,1.18 ,0.21,脆性
55,34-35,1.815 ,3.28 ,5.57,1.18 ,0.21,脆性
56,35-37,1.070 ,3.28 ,5.57,1.18 ,0.21,脆性
57,36-37,1.086 ,3.28 ,5.57,1.18 ,0.21,脆性
58,37-38,1.746 ,3.28 ,5.57,1.18 ,0.21,脆性
59,37-39,1.619 ,3.28 ,5.57,1.18 ,0.21,脆性
60,38-39,1.116 ,3.28 ,5.57,1.18 ,0.21,脆性
61,38-42,3.500 ,3.28 ,5.57,1.18 ,0.21,脆性
62,39-40,1.099 ,3.28 ,5.57,1.18 ,0.21,脆性
63,39-41,1.701 ,3.28 ,5.57,1.18 ,0.21,脆性
64,42-43,2.136 ,3.28 ,5.57,1.18 ,0.21,脆性
65,43-44,4.563 ,3.28 ,5.57,1.18 ,0.21,脆性
66,43-45,1.846 ,3.28 ,5.57,1.18 ,0.21,脆性
67,44-47,9.425 ,5.00 ,5.57,1.18 ,0.8,脆性
68,45-46,2.287 ,3.00 ,5.57,1.18 ,0.21,脆性
69,45-61,1.800 ,3.00 ,5.57,1.18 ,0.21,脆性
70,46-50,3.466 ,3.00 ,5.57,1.18 ,0.21,脆性
71,47-51,0.791 ,3.00 ,5.57,1.18 ,0.21,脆性
72,47-48,2.400 ,3.00 ,5.57,1.18 ,0.21,脆性
73,48-49,2.622 ,3.00 ,5.57,1.18 ,0.21,脆性
74,50-51,2.658 ,3.00 ,5.57,1.18 ,0.21,脆性
75,50-60,0.841 ,3.00 ,5.57,1.18 ,0.21,脆性
76,50-52,1.957 ,3.00 ,5.57,1.18 ,0.21,脆性
77,51-53,1.873 ,3.00 ,5.57,1.18 ,0.21,脆性
78,52-53,1.769 ,3.00 ,5.57,1.18 ,0.21,脆性
79,53-54,2.592 ,3.00 ,5.57,1.18 ,0.21,脆性
80,54-55,3.869 ,3.00 ,5.57,1.18 ,0.21,脆性
81,54-57,0.850 ,2.95 ,7.67,0.92 ,0.12,脆性
82,54-58,1.880 ,2.95 ,7.67,0.92 ,0.12,脆性
83,55-56,1.333 ,2.95 ,7.67,0.92 ,0.12,脆性
84,58-59,0.925 ,2.95 ,7.67,0.92 ,0.12,脆性
85,60-61,4.881 ,2.95 ,6.67,1.00 ,0.15,脆性
86,60-63,1.052 ,2.95 ,6.67,1.00 ,0.15,脆性
87,61-62,3.220 ,2.95 ,6.67,1.00 ,0.15,脆性
88,61-64,2.096 ,2.95 ,6.67,1.00 ,0.15,脆性
89,63-64,4.093 ,2.95 ,6.67,1.00 ,0.15,脆性
90,63-66,1.180 ,2.95 ,6.67,1.00 ,0.15,脆性
91,64-65,3.389 ,2.95 ,6.67,1.00 ,0.15,脆性
92,64-67,1.786 ,2.95 ,6.67,1.00 ,0.15,脆性
93,66-67,3.769 ,2.95 ,7.67,0.92 ,0.12,脆性
94,67-68,2.925 ,2.95 ,7.67,0.92 ,0.12,脆性
